25 0 1734
25 2 1726
26 4 1726
26 6 1715
27 8 1725
26 10 1719
27 12 1719
26 14 1725
26 16 1726
25 18 1741
25 20 1752
30 22 1768
30 24 1772
28 26 1790
25 28 1804
25 30 1836
15 32 1712
16 34 1634
15 36 1489
18 38 1392
16 40 1312
20 42 1198
18 44 1139
21 46 1104
21 48 1062
18 50 1039
21 52 992
20 54 938
22 56 929
23 58 881
22 60 863
22 62 843
22 64 827
22 66 806
23 68 777
27 70 763
24 72 761
24 74 747
24 76 735
23 78 724
26 80 712
25 82 708
27 84 698
26 86 696
29 88 686
28 90 684
27 92 682
28 94 677
28 96 677
28 98 677
26 100 676
26 102 675
27 104 678
28 106 680
29 108 685
28 110 689
28 112 692
27 114 698
27 116 703
24 118 711
21 120 718
25 122 727
26 124 742
24 126 751
26 128 765
22 130 780
23 132 800
25 134 807
23 136 840
21 138 851
21 140 876
21 142 899
23 144 944
20 146 920
22 148 894
22 150 878
23 152 864
23 154 829
27 156 814
23 158 787
22 160 774
26 162 766
25 164 758
24 166 742
23 168 729
26 170 727
26 172 716
24 174 714
25 176 705
26 178 701
27 180 696
27 182 690
28 184 688
28 186 688
28 188 686
27 190 685
0 192 0
27 194 417
37 196 396
25 198 389
25 200 389
22 202 703
37 204 0
22 206 381
24 208 724
22 210 731
25 212 743
23 214 755
25 216 767
22 218 775
26 220 785
23 222 805
22 224 452
26 226 449
27 228 443
25 230 442
0 232 0
25 234 0
0 236 0
19 238 1041
20 240 1045
19 242 1100
20 244 1157
9 246 1228
15 248 1013
20 250 1005
16 252 969
16 254 1633
16 256 1666
15 258 1823
13 260 1985
12 262 2270
11 264 2436
19 266 3008
20 268 3011
19 270 2978
20 272 2956
21 274 2961
21 276 2943
22 278 2933
22 280 2943
22 282 2926
22 284 2959
20 286 2960
19 288 2967
18 290 2981
19 292 3009
20 294 3026
22 296 3070
21 298 3090
20 300 3149
21 302 3187
19 304 3266
19 306 3294
19 308 3347
15 310 3401
15 312 3249
15 314 3072
15 316 2896
17 318 2772
18 320 2674
18 322 2509
20 324 2367
22 326 2333
23 328 2250
21 330 2176
26 332 2142
24 334 2112
24 336 2033
27 338 1997
26 340 1988
23 342 1949
27 344 1901
23 346 1840
25 348 1839
25 350 1823
29 352 1788
32 354 1774
29 356 1770
26 358 1742
