 668
 671
 682
 687
 694
 699
 707
 725
 735
 744
 766
 780
 793
 824
 840
 880
 901
 931
 978
1009
1053
1081
1126
1215
1280
1413
1479
1571
1762
1890
2031
2449
   0
3144
3141
3121
3116
3121
3091
3086
3091
3110
3129
3134
3139
3175
3191
3211
3244
3291
3330
3364
3458
3516
3533
3239
3114
2968
2886
2776
2598
2516
2394
2332
2275
2222
2181
2101
2066
2036
1973
1944
1928
1906
1870
1838
1823
1808
1799
1780
1778
1769
1762
1759
1761
1757
1765
1763
1777
1780
1799
1808
1826
1747
1482
1390
1294
1217
1148
1025
 977
 939
 899
 834
 806
 783
 760
 739
 703
 686
 669
 656
 643
 621
 611
 600
 591
 583
 568
 562
 556
 546
 543
 539
 536
 531
 529
 528
 527
 525
 525
 527
 530
 532
 535
 537
 541
 550
 554
 560
 571
 579
 585
 594
 613
 624
 635
 659
 672
 685
 701
 736
 755
 776
 799
 812
 797
 781
 754
 742
 732
 723
 714
 697
 690
 684
 678
 674
 665
 661
 658
 654
 653
 653
 652
 652
 653
 655
 656
 660
26
24
24
25
19
24
24
22
22
23
20
21
21
21
23
18
17
17
18
18
19
16
17
16
17
16
14
13
13
10
10
 9
 0
19
20
18
20
23
21
20
21
21
22
21
20
20
19
19
19
19
17
17
15
17
11
13
13
12
16
16
16
16
19
20
20
20
21
24
20
22
23
22
24
25
22
25
20
24
26
27
28
28
23
22
24
24
24
22
27
26
27
24
25
12
13
14
15
15
16
17
16
18
19
19
20
18
19
19
20
21
19
23
24
19
22
22
19
24
25
22
24
24
26
26
27
27
25
25
25
26
24
25
26
23
27
27
28
23
24
23
24
23
20
23
21
24
21
21
21
20
22
17
19
17
18
21
20
22
22
23
21
19
24
24
25
24
25
26
24
26
22
23
23
23
22
22
23
21
21
26[x,y,a]: [-27.8185, -12.6111, 0.00870946]
