 669
 671
 681
 686
 697
 702
 716
 724
 731
 750
 761
 783
 808
 821
 834
   0
 901
 923
   0
 994
1059
1126
1165
1198
1304
1358
1479
1633
1710
1813
2075
2416
   0
3151
3150
3127
3115
3114
3095
3091
3088
3109
3122
3134
3152
3168
3187
3199
3262
3272
3332
3381
3438
3480
3462
3233
3111
2902
2817
2733
2671
2524
2465
2343
2252
2215
2178
2100
2074
2047
1993
1971
1920
1901
1855
1847
1821
1800
1791
1786
1774
1768
1763
1761
1755
1761
1763
1769
1777
1789
1790
1807
1838
1745
1515
1419
1258
1192
1140
1039
 994
 918
 886
 833
 807
 785
 768
 731
 699
 686
 672
 660
 637
 628
 608
 600
 591
 579
 572
 561
 556
 548
 544
 540
 534
 531
 529
 527
 526
 526
 527
 527
 529
 532
 535
 538
 542
 550
 553
 562
 567
 573
 586
 602
 609
 627
 637
 658
 669
 681
 708
 724
 756
 775
 817
 821
 791
 778
 755
 745
 727
 718
 711
 696
 691
 684
 674
 671
 669
 661
 658
 655
 654
 653
 652
 653
 654
 655
 657
 661
25
24
23
26
24
25
23
23
22
23
25
22
22
23
20
 0
18
18
22
21
18
18
16
16
15
16
14
15
13
13
11
 9
 0
16
20
19
20
20
21
23
20
18
21
19
20
20
19
19
21
19
17
17
15
16
11
13
13
14
16
14
17
18
17
19
22
22
22
21
22
22
25
23
24
25
21
22
20
26
26
26
29
27
23
21
23
25
21
27
28
26
24
24
24
13
12
13
14
16
15
16
15
17
17
19
19
20
22
18
21
21
21
21
20
22
22
22
20
24
23
22
23
23
25
25
22
25
24
24
25
25
26
25
26
24
25
26
26
23
24
22
24
22
20
23
21
21
20
22
21
19
20
19
18
19
19
22
22
21
22
22
23
20
22
25
25
26
24
25
25
27
22
22
21
23
23
23
22
22
22
26[x,y,a]: [-39.2258, -16.9205, 0.00941162]
