 668
 672
 676
 685
 691
 698
 715
 725
 737
 747
 761
 788
 803
 823
 839
 865
 884
 940
 967
 997
1039
1073
1174
1225
1292
1359
1440
1628
1729
1858
2029
2485
   0
   0
3150
3134
3110
3093
3088
3087
3090
3109
3117
3140
3146
3178
3188
3209
3239
3309
3343
3386
3438
3503
3541
3236
3083
2958
2842
2732
2645
2546
2400
2332
2269
2215
2160
2124
2086
2050
1974
1942
1920
1903
1865
1836
1811
1805
1791
1786
1776
1769
1763
1762
1761
1761
1757
1764
1777
1781
1805
1810
1840
1682
1543
1427
1315
1227
1149
1020
 966
 921
 887
 849
 816
 788
 765
 741
 719
 699
 666
 651
 638
 625
 614
 602
 592
 583
 567
 561
 555
 548
 544
 540
 536
 531
 529
 528
 526
 526
 527
 528
 529
 532
 534
 538
 542
 546
 556
 563
 569
 578
 585
 594
 614
 626
 639
 650
 664
 697
 714
 732
 754
 778
 805
 805
 790
 774
 760
 746
 735
 723
 712
 703
 697
 682
 674
 669
 665
 662
 659
 655
 653
 651
 651
 652
 652
 655
 658
 660
25
23
24
25
22
24
25
23
22
22
22
21
21
22
23
14
19
17
17
19
17
17
17
15
17
13
14
15
13
12
10
 9
 0
 0
20
19
21
19
20
20
20
20
20
19
20
19
20
19
17
19
17
17
15
16
14
13
14
13
14
14
18
19
19
20
21
21
19
22
22
23
21
21
25
23
22
24
22
24
28
30
28
29
23
23
23
24
23
21
30
27
24
22
20
13
14
13
12
14
15
16
17
16
18
17
20
19
21
17
17
23
19
20
20
23
21
23
23
24
23
22
24
24
26
25
28
27
26
26
26
26
26
26
26
24
22
28
27
25
25
22
23
24
21
23
20
20
20
20
20
21
20
19
20
19
20
23
22
21
21
21
23
22
25
24
25
24
24
24
25
27
28
23
22
22
23
22
23
22
26
30[x,y,a]: [-25.689, -14.9061, 0.00806886]
