1830
1746
1633
1443
1285
1225
1171
1066
 983
 945
 920
 860
 814
 792
 755
 738
 721
 694
 680
 658
 636
 627
 610
 602
 587
 580
 575
 563
 559
 550
 542
 540
 534
 530
 528
 527
 526
 526
 524
 526
 527
 531
 532
 537
 539
 546
 550
 558
 562
 573
 579
 593
 600
 625
 632
 642
 662
 685
 697
 725
 758
 774
 791
 801
 789
 762
 752
 731
 722
 714
 697
 683
 679
 668
 663
 660
 652
 645
 643
 640
 637
 637
 636
 636
 636
 637
 640
 641
 647
 653
 657
 661
 670
 682
 687
 702
 709
 725
 735
 755
 767
 794
 807
 836
   0
 888
 934
 961
   0
1046
1079
1156
1199
1293
1414
1478
1631
1716
1940
2085
2463
2676
3150
3147
3126
3119
3096
3094
3111
3112
3116
3125
3139
3166
3178
3202
3248
3265
3329
3365
3396
3476
3514
3404
3177
3070
2870
2796
2717
2555
2492
2385
2331
2244
2202
2130
2095
2041
2014
1991
1969
1925
1898
1868
1836
1838
1810
1807
1792
1788
1779
1780
1772
1773
1778
1780
1787
1797
1805
1824
24
12
13
12
16
13
18
17
17
17
17
17
19
19
19
19
20
17
19
23
21
21
22
22
23
22
23
24
22
22
25
24
20
26
24
24
25
24
24
25
24
26
23
26
25
25
22
22
25
22
23
21
25
20
20
22
18
21
19
19
20
17
17
21
22
23
21
21
19
24
23
24
23
22
24
27
22
25
26
27
23
24
24
24
25
24
23
25
22
22
21
26
22
24
24
22
22
22
20
20
22
21
21
19
 0
17
19
18
19
18
16
16
17
14
16
14
14
12
11
10
 9
 9
17
20
20
20
21
21
21
21
19
20
18
20
19
19
18
18
19
17
16
16
17
11
13
13
14
16
16
18
16
18
19
21
22
21
24
22
21
21
21
24
24
21
23
24
23
24
27
27
28
28
29
29
28
27
28
25
24
25[x,y,a]: [139.873, 27.6336, -0.267226]
