 664
 671
 680
 686
 691
 704
 710
 725
 735
 744
 767
 789
 803
 832
 847
   0
 901
 924
   0
   0
1064
1102
1182
1234
1280
1401
1467
1619
1707
1815
2083
2231
   0
3147
3140
3126
3115
3107
3090
3085
3087
3115
3125
3138
3150
3169
3195
3217
3245
3282
3320
3384
3437
3523
3493
3229
3088
2970
2804
2720
2640
2495
2431
2318
2265
2222
2185
2110
2048
2003
1992
1947
1910
1904
1883
1843
1836
1805
1791
1781
1772
1767
1762
1761
1755
1757
1761
1770
1778
1789
1791
1808
1824
1644
1530
1426
1257
1192
1132
1073
 977
 944
 876
 844
 818
 795
 752
 734
 700
 686
 672
 659
 636
 625
 606
 597
 589
 582
 567
 562
 558
 548
 544
 537
 534
 530
 529
 528
 527
 526
 526
 528
 529
 531
 535
 538
 541
 549
 553
 558
 568
 575
 588
 596
 614
 624
 634
 654
 667
 679
 708
 723
 759
 778
 821
 815
 787
 772
 760
 749
 729
 720
 710
 697
 691
 684
 679
 669
 666
 660
 657
 654
 653
 653
 653
 653
 652
 656
 657
 662
25
24
25
26
23
24
23
23
22
22
21
24
24
21
20
 0
18
18
18
20
18
19
16
16
17
15
15
11
13
13
11
10
 0
19
19
20
20
19
20
19
21
20
21
21
20
19
17
20
18
18
18
17
14
15
11
13
12
12
16
14
18
17
17
22
20
21
22
22
23
23
26
21
22
24
21
24
24
24
26
28
28
27
23
23
23
23
22
27
29
26
27
25
26
14
13
13
14
17
15
17
15
17
18
19
20
19
20
18
22
21
21
22
20
23
22
21
22
23
24
21
23
24
25
25
24
24
25
24
25
24
25
25
26
26
27
27
29
23
24
24
23
23
22
23
20
23
22
18
19
21
20
18
20
19
18
21
23
22
22
23
23
21
22
24
24
24
25
25
25
29
21
23
22
22
23
23
22
22
22
25[x,y,a]: [-9.98722, -69.4036, -0.0176314]
