 668
 671
 679
 684
 694
 700
 712
 725
 734
 750
 761
 792
 803
 828
 842
 858
 890
 927
 971
 996
1054
1080
1199
1234
1280
1389
1502
1645
1725
1816
2069
   0
   0
3148
3137
3123
3112
3108
3115
3093
3092
3115
3121
3135
3137
3174
3186
3212
3256
3293
3332
3369
3435
3522
3387
3265
3174
2956
2807
2730
2657
2525
2465
2310
2266
2202
2157
2091
2067
2039
1993
1969
1925
1898
1864
1838
1825
1806
1789
1788
1773
1770
1762
1762
1755
1754
1757
1769
1779
1781
1793
1806
1824
1631
1528
1358
1283
1216
1109
1059
 977
 910
 882
 853
 831
 788
 750
 734
 704
 692
 680
 655
 644
 625
 607
 600
 586
 579
 567
 562
 553
 545
 542
 540
 534
 531
 529
 527
 527
 526
 527
 527
 529
 531
 535
 535
 545
 550
 553
 560
 566
 578
 583
 597
 614
 621
 639
 658
 669
 679
 705
 736
 766
 785
 825
 814
 788
 776
 765
 745
 727
 720
 705
 697
 692
 687
 677
 673
 663
 661
 658
 655
 653
 651
 652
 651
 653
 655
 657
 660
25
24
25
24
19
24
24
22
23
23
23
21
20
20
24
19
20
16
19
20
18
16
18
16
17
18
14
14
13
11
10
 0
 0
19
17
20
19
20
21
22
20
19
19
19
19
19
18
17
19
18
18
16
15
17
11
12
13
13
16
14
16
17
19
20
20
24
18
22
20
23
26
24
23
23
20
25
23
24
26
29
27
29
23
22
23
23
21
27
28
27
23
25
23
13
12
16
15
16
16
17
15
18
18
18
18
19
21
18
21
18
22
19
21
24
21
21
24
23
25
24
24
24
26
27
22
25
24
25
24
25
24
25
25
26
21
27
26
23
23
22
23
23
22
20
21
23
19
21
20
19
20
18
19
19
20
21
22
20
24
22
23
20
23
25
21
24
27
25
27
27
21
22
23
22
23
23
21
23
21
27[x,y,a]: [-4.06957, -16.3621, 0.0039134]
