 666
 672
 677
 682
 695
 702
 710
 720
 729
 751
 764
 778
 792
 824
 844
   0
 910
 940
   0
   0
1039
1116
1174
1211
1281
1348
1503
1598
1699
1817
2144
   0
2645
3145
3143
3125
3116
3110
3098
3092
3089
3114
3118
3135
3129
3170
3185
3217
3247
3316
3344
3388
3434
3505
3548
3242
3086
2957
2854
2761
2557
2484
2425
2344
2288
2240
2189
2097
2066
2034
1996
1965
1904
1878
1857
1837
1825
1809
1805
1781
1772
1763
1762
1756
1755
1761
1762
1764
1777
1788
1799
1811
1827
1711
1571
1451
1254
1173
1096
1040
 989
 944
 900
 831
 801
 776
 752
 731
 710
 695
 676
 661
 635
 623
 612
 600
 591
 575
 567
 560
 555
 548
 544
 540
 537
 530
 529
 528
 527
 526
 527
 528
 529
 531
 533
 536
 543
 548
 553
 559
 564
 580
 587
 596
 607
 628
 641
 652
 667
 681
 699
 735
 754
 778
 804
 807
 792
 775
 762
 749
 736
 716
 705
 697
 691
 684
 678
 672
 663
 660
 657
 654
 654
 652
 652
 653
 654
 655
 657
 661
26
25
26
24
25
24
22
20
22
23
23
22
21
21
21
 0
19
17
18
21
17
18
18
17
17
14
14
12
12
12
11
 0
 9
19
20
19
20
20
23
19
19
21
21
19
19
20
20
19
18
19
17
16
14
16
14
13
13
13
15
17
17
17
18
21
19
22
22
22
24
24
26
21
27
21
21
23
23
23
26
26
28
24
23
22
25
24
23
20
29
28
26
21
24
13
13
15
16
17
15
16
16
17
18
19
19
18
20
18
19
22
20
23
21
21
22
26
20
25
22
22
24
24
26
25
26
27
25
25
25
25
26
25
27
27
24
28
26
26
25
24
22
23
22
23
22
21
22
18
19
20
21
19
19
18
19
21
22
21
24
25
21
25
22
24
25
24
27
25
26
28
21
23
22
22
24
23
23
22
21
26[x,y,a]: [-7.87246, -69.4191, -0.0171192]
