 665
 672
 677
 681
 694
 700
 715
 722
 732
 753
 763
 788
 802
 818
 833
   0
 910
 934
 961
   0
1053
1134
1174
1216
1272
1401
1466
1633
1724
1832
2120
2321
2799
3134
3148
3129
3116
3097
3091
3085
3092
3113
3121
3124
3153
3173
3191
3240
3260
3296
3323
3392
3433
3522
3471
3328
3194
2960
2859
2685
2588
2518
2400
2338
2279
2240
2147
2110
2083
2016
1988
1947
1903
1900
1866
1831
1823
1808
1789
1781
1778
1769
1762
1761
1755
1755
1757
1768
1770
1789
1790
1807
1836
1693
1572
1365
1273
1200
1139
1019
 977
 934
 900
 837
 812
 785
 766
 725
 707
 692
 663
 651
 639
 628
 618
 598
 589
 582
 567
 562
 557
 547
 543
 539
 536
 530
 529
 528
 527
 527
 526
 528
 529
 531
 536
 538
 542
 546
 555
 560
 565
 579
 586
 593
 612
 621
 642
 652
 665
 678
 708
 725
 745
 782
 805
 809
 794
 780
 753
 742
 733
 722
 713
 697
 691
 685
 674
 670
 666
 662
 657
 655
 654
 653
 653
 653
 652
 656
 656
 660
26
25
24
24
19
24
22
19
22
22
22
24
24
21
20
 0
19
18
18
21
19
17
14
16
17
16
15
16
13
11
10
 9
 9
11
20
22
19
21
20
19
21
22
22
18
20
21
21
20
20
16
18
17
16
16
10
11
13
13
14
17
16
16
19
19
19
22
20
22
22
23
22
20
25
25
22
24
20
24
26
27
28
28
22
23
23
24
23
28
28
28
24
24
13
13
13
15
14
17
15
17
16
18
18
17
19
21
21
19
19
21
24
19
19
22
21
21
23
23
25
22
23
24
25
27
27
26
25
25
24
24
25
25
27
26
27
26
26
26
24
22
24
22
20
23
23
24
22
18
19
21
20
19
21
17
19
22
22
21
23
23
24
20
23
23
24
25
25
25
25
27
21
23
22
23
23
22
23
21
21
26[x,y,a]: [-28.1528, -22.1425, 0.00604634]
