 664
 672
 677
 689
 695
 702
 710
 728
 741
 749
 761
 790
 803
 821
 839
 860
 900
 924
 951
 980
1053
1086
1182
1235
1301
1368
1440
1612
1707
1821
2141
   0
   0
3144
3129
3126
3116
3121
3084
3085
3088
3109
3122
3130
3147
3152
3184
3216
3257
3287
3308
3383
3440
3500
3545
3240
3106
2970
2868
2680
2583
2504
2434
2370
2249
2206
2160
2120
2085
2014
1988
1941
1928
1871
1857
1843
1823
1808
1789
1780
1772
1763
1763
1753
1757
1762
1757
1763
1773
1788
1791
1808
1819
1632
1503
1393
1294
1210
1141
1073
 972
 930
 895
 854
 825
 772
 750
 729
 709
 694
 677
 661
 635
 623
 613
 602
 592
 576
 568
 562
 556
 551
 541
 538
 535
 532
 530
 526
 527
 526
 527
 528
 530
 532
 533
 537
 544
 549
 553
 559
 572
 580
 587
 596
 615
 625
 638
 649
 662
 692
 708
 725
 766
 790
 815
 819
 801
 787
 756
 744
 734
 723
 714
 696
 690
 684
 676
 672
 663
 660
 658
 655
 654
 653
 651
 651
 651
 656
 659
 663
25
25
24
25
20
24
23
22
22
23
22
24
21
23
22
20
18
17
17
17
19
16
17
13
15
16
13
12
13
12
11
 0
 0
18
17
19
21
22
20
20
19
22
19
19
20
19
20
19
20
19
18
15
15
17
14
13
13
11
15
17
18
17
17
19
22
21
21
23
21
23
21
21
24
21
20
25
21
22
27
28
28
24
22
24
23
24
22
21
29
28
23
23
23
13
14
13
14
16
14
16
15
16
17
18
19
19
22
17
19
17
21
23
22
21
21
21
21
25
24
22
24
25
28
27
24
24
26
25
25
25
25
26
27
25
22
27
25
26
24
24
24
24
23
24
21
21
20
20
21
16
21
19
20
20
20
21
22
23
21
23
24
24
24
25
24
25
26
26
26
27
21
22
22
23
22
23
22
22
27
27[x,y,a]: [-3.9554, -18.7157, 0.00300445]
